6759642689777301564,
346475665414972,
5038592000771312,
4091698261471,
4017952707235243,
50389069269174638,
4041591159421,
374622274876035,
0604344144465236,
4616307499573,
5038222259806441,
5048371077548590,
4175009230426332,
4026875047072613,
4017952669315,
374288165617365,
67629664149070867,
06045501397442055,
4026392629263834,
379128699877199,
4175005090470741,
4041590424184151,
5048373937328809,
4405926849636419,
4026765974219685,
372301403195250,
4508539408080675,
4508904770665554,
4352948187401852,
4405053943092926,
6762432588492472825,
4405390719744987,
5112455892424607,
4017954063915582,
5100139851467492,
50207165182462785,
337941107502212,
4913165213518623,
372073916534222,
5010121503137326,
5485740792548723,
4844773590834820,
372301559328747,
4844237948303573,
5104459725390878,
343683713952363,
5007661032555329,
371430824750673,
5100141327562617,
379641305026910,
4917315888596737,
4017953988050525,
6762291214747622813,
4041591874464838,
5532690314080080,
4405683013184664,
4175001273147719,
4508147564439394,
4837200778232,
4026555721546476,
4041590118261,
67617138732098993,
4844915967622128,
4917138230514806,
4844508916295185,
374622320951642,
4041593201889836,
374288062438014,
4041595425703,
63049455595458511,
4041378491482801,
4175008287018661,
4026127367872515,
374622417030177,
6761648794046732,
4175002447616167,
5048376220068669,
5108755717191208,
5893952058462260000,
6759717517827035,
0604010361231480354,
4917181658344652,
5020364697566347452,
374622277123559,
4017950007294,
4175005610431017,
5145683001731452,
4917517547908951,
4026537772963966,
06041002787912074,
06042482624532708,
5497746627918649,
374288916199788,
337941244866116,
50387373872227979,
5018561737565192,
6762904986674479,
5893279803690937622,
4017951357418356,
372301387204805